For Band2 :

Min : 1.71122371 , Max : 17092.306826
Mean : 7.001328835517434
Variance : 15761.214072321227